AÑO	E	F	M	A	M	J	J	A	S	O	N	D
1956	1006.5	1009.9	1009.5	1012.5	1016.5	1018.5	1014.8	1018.2	1013.1	1015.2	1013.4	1009.5
1957	1006.5	1009.4	1012.6	1015.9	1012.8	1015.4	1015.5	1014.1	1016.4	1013.2	1011.6	1008.4
1958	1009.2	1009.3	1012.4	1013.7	1014.6	1014.9	1014.1	1014.9	1013.7	1014.8	1009.2	1010.8
1959	1009.4	1009.8	1013.0	1010.5	1015.2	1015.0	1014.0	1014.5	1015.9	1012.4	1010.9	1009.1
1960	1008.7	1010.3	1011.8	1013.7	1015.9	1015.8	1016.5	1015.2	1014.7	1013.0	1010.8	1009.3
1961	1007.6	1010.5	1011.1	1012.6	1014.6	1016.6	1016.7	1013.0	1014.3	1010.8	1008.8	1009.5
1962	1009.9	1010.1	1007.8	1014.4	1016.9	1016.0	1022.1	1014.9	1015.3	1015.3	1010.4	1009.8
1963	1008.0	1011.4	1010.9	1011.7	1016.0	1015.7	1013.9	1013.0	1013.0	1013.4	1010.2	1010.9
1964	1009.6	1008.7	1012.5	1014.6	1015.7	1015.6	1017.5	1014.5	1015.4	1015.2		1006.7
1965	1007.0	1004.9	1013.8	1012.2	1013.5	1014.3	1013.9	1013.2	1013.9	1011.1	1011.4	1008.3
1966	1007.8	1008.4	1010.3	1013.8	1014.3	1010.9	1014.3	1016.2	1017.4	1012.7	1010.2	1007.0
1967	1007.0	1009.5	1011.0	1014.1	1012.1	1015.0	1015.3	1013.7	1014.2	1011.2	1011.2	1009.2
1968	1009.2	1008.7	1012.4	1014.8	1015.5	1017.4	1017.6	1016.8	1016.5	1012.6	1009.2	1007.5
1969	1006.2	1008.1	1011.5	1013.0	1012.7	1014.1	1015.0	1016.3	1010.9	1013.1	1009.5	1009.6
1970	1008.7	1008.6	1011.6	1011.3	1012.5	1015.0	1016.6	1016.0	1013.1	1012.4	1010.8	1005.4
1971	1005.7	1010.2	1010.2	1012.6	1015.1	1014.6	1012.8	1015.2	1013.5	1014.8	1009.2	1003.8
1972	1006.6	1009.4	1010.5	1012.7	1010.7	1011.5	1012.6	1011.8	1011.5	1012.7	1010.5	1008.6
1973	1007.7	1008.4	1010.9	1012.0	1015.7	1010.4	1016.1	1017.3	1017.1	1011.2	1012.1	1008.0
1974	1006.4	1010.3	1011.0	1014.2	1012.8	1012.6	1016.3	1013.9	1016.8	1012.4	1008.4	1009.0
1975	1008.2	1007.7	1011.1	1011.6	1014.2	1014.9	1015.3	1015.6	1014.1	1012.7	1009.1	1007.1
1976	1007.2	1008.4	1011.4	1013.0	1015.7	1014.1	1016.0	1014.5	1014.9	1011.6	1009.3	1005.9
1977	1006.5	1010.0	1010.3	1012.4	1014.6	1014.6	1009.6	1015.0	1014.0	1011.3	1009.7	1010.7
1978	1009.5	1009.8	1011.7	1014.3	1012.0	1014.5	1011.0	1018.8	1014.9	1011.2	1009.3	1009.5
1979	1010.3	1009.0	1014.0	1015.0	1011.7	1017.2	1015.0	1012.6	1015.1	1012.2	1011.0	1010.4
1980	1008.1	1007.5	1009.8	1009.2	1012.3	1015.1	1013.9	1015.2	1015.4	1015.1	1009.8	1006.9
1981	1009.0	1010.0	1011.3	1014.0	1011.9	1014.7	1019.1	1014.3	1016.5	1014.0	1009.3	1008.4
1982	1010.3	1009.8	1010.9	1015.5	1013.5	1012.6	1013.2	1014.5	1015.4	1009.3	1009.4	1008.5
1983	1006.6	1010.1	1011.4	1011.3	1012.4	1015.0	1015.2	1016.9	1015.7	1012.5	1011.5	1009.7
1984	1007.1	1006.6	1012.2	1013.4	1008.8	1015.8	1014.4	1017.8	1014.9	1010.8	1010.9	1009.3
1985	1008.7	1009.5	1008.0	1011.6	1011.1	1016.6	1016.5	1016.5	1015.4	1011.3	1011.3	1009.7
1986	1007.1	1008.5	1012.1	1011.0	1010.0	1013.7	1018.8	1014.6	1017.0	1014.5	1009.5	1009.3
1987	1008.2	1010.6	1010.2	1012.9	1013.7	1014.2	1009.9	1016.4	1016.4	1012.6	1010.5	1009.4
1988	1007.5	1010.5	1009.3	1014.2	1017.6	1016.4	1021.3	1015.4	1016.6	1011.8	1010.6	1007.8
1989	1007.3	1008.9	1011.0	1012.2	1017.8	1015.6		1013.6	1016.1	1015.1	1009.2	1008.3
1990	1007.2	1010.6	1010.6	1010.5	1013.5	1016.4	1019.2	1016.6	1016.5	1011.6	1008.9	1009.5
1991	1008.5	1010.2	1010.5	1011.7	1012.2	1014.3	1015.4	1017.8	1014.3	1013.1	1011.3	1005.9
1992	1008.0	1009.4	1009.7	1010.3	1009.8	1010.6	1019.5	1017.4	1014.7	1010.8	1011.3	1008.3
1993	1006.7	1010.3	1011.3	1010.8	1012.1	1012.8	1017.2	1015.4	1015.2	1012.4	1007.1	1008.2
1994	1008.8	1009.4	1011.6	1012.7	1013.6	1012.7	1015.0	1016.4	1014.1	1013.1	1010.0	1006.5
1995	1008.6	1010.9	1010.1	1010.5	1015.1	1014.5	1013.2	1014.2	1016.2	1011.9	1010.9	1009.6
1996	1007.2	1009.3	1011.3	1013.1	1016.5	1018.3	1019.4	1014.0	1016.5	1011.2	1009.8	1006.6
1997	1007.6	1011.1	1012.6	1010.7	1015.3	1008.2	1013.9	1016.2	1012.9	1011.2	1010.1	1006.5
1998	1008.2	1011.9	1012.3	1011.2	1016.2	1017.1	1015.8	1016.4	1015.7	1014.0	1012.1	1008.3
1999	1010.3	1010.1	1010.7	1016.6	1016.6	1016.2	1018.6	1016.3	1013.9	1016.8	1011.8	1009.5
2000	1008.8	1011.0	1012.2	1013.7	1015.2	1012.8	1015.9	1015.2	1015.6	1013.3	1011.1	1007.9
2001	1008.7	1008.9	1010.9	1013.9	1015.0	1016.9	1015.2	1015.2	1016.0	1010.7	1010.7	1010.1
2002	1009.6	1010.9	1009.3	1012.5	1012.8	1017.7	1017.0	1013.1	1014.2	1009.9	1008.6	1010.2
2003	1008.1	1007.9	1012.0	1013.5	1014.2	1014.4	1017.3	1018.7	1016.1	1012.6	1008.8	1008.5
2004	1009.4	1012.2	1012.0	1011.5	1019.2	1014.8	1016.3	1015.9	1014.8	1011.8	1011.0	1009.6
2005	1007.5	1011.3	1012.3	1014.3	1011.8	1014.2	1016.3	1015.2	1018.3	1014.0	1010.4	1009.7
2006	1009.1	1008.9	1010.7	1013.0	1019.0	1015.0	1013.3	1014.4	1014.5	1011.3	1011.4	1007.6
2007	1008.3	1008.0	1010.0	1012.5	1016.4	1013.7	1015.3	1018.3	1014.5	1010.6	1009.4	1008.3
2008	1009.3	1009.1	1010.9	1010.0	1014.5	1015.8	1014.5	1013.6	1017.4	1014.1	1010.7	1010.3
2009	1010.3	1008.3	1009.8	1013.8	1012.5	1015.5	1015.6	1013.3	1016.1	1011.0	1005.8	1009.4
2010	1007.4	1007.8	1009.7	1014.9	1016.0	1016.0	1015.2	1018.4	1013.4	1013.6	1010.3	1006.1
2011	1006.9	1011.2	1012.0	1012.0	1016.8	1014.2	1015.6	1015.5	1016.1	1012.2	1010.8	1010.1
2012	1009.4	1007.8	1011.6	1013.2	1014.6	1014.0	1016.9	1015.8	1015.3	1009.9	1011.0	1005.2
2013	1010.8	1009.9	1012.9	1012.8	1013.0	1014.8	1016.0	1017.1	1014.9	1013.7	1009.5	1006.7
2014	1007.7	1010.4	1011.0	1014.0	1014.6	1015.9	1016.6	1014.0	1012.7	1012.0	1010.7	1008.7
2015	1009.9	1010.9	1012.5	1013.7	1015.3	1014.9	1015.5	1012.0	1013.7	1015.0	1010.9	1008.1
2016	1009.6	1008.6	1015.1	1012.5	1019.1	1019.6	1016.0	1015.4	1017.9	1013.1	1011.2	1007.3
2017	1008.7	1007.9	1012.6	1013.0	1014.1	1013.2	1017.5	1013.5	1015.7	1010.8	1009.7	1008.7
2018	1008.7	1011.0	1009.8	1013.1	1014.8	1016.5	1017.6	1017.8	1013.4	1014.4	1010.4	1009.9
2019	1009.2	1010.7	1014.0	1013.3	1014.5	1012.8	1016.6	1019.2	1015.5	1013.3	1010.0	1008.6
2020	1008.9	1011.0	1012.1	1015.2	1014.0	1013.1	1014.6	1015.2	1015.1	1014.1	1013.2	1009.3
2021	1008.6	1010.3	1011.6	1014.2	1014.4	1017.0	1016.8	1017.0	1014.1	1013.4	1010.7	1010.6
2022	1008.1	1009.6	1010.4	1012.4	1016.8	1016.8	1012.2	1017.2	1016.7	1013.7	1012.8	1009.0
2023	1008.8	1008.8	1009.8	1013.0	1014.8	1016.4	1016.5	1013.2	1013.3	1012.1	1008.8	1010.0
2024	1011.0	1011.1	1010.6	1011.3	1016.0	1012.2	1021.1	1016.1	1012.6	1012.6	1010.8	1010.1
2025	1009.3	1008.4	1012.9	1015.0	1014.7							